%YAML:1.0
---
opencv_lbphfaces:
   threshold: 70.
   radius: 1
   neighbors: 4
   grid_x: 2
   grid_y: 2
   histograms:
      - !!opencv-matrix
         rows: 1
         cols: 64
         dt: f
         data: [ 1.97125394e-02, 2.84308754e-02, 2.48244945e-02,
             8.16687346e-02, 2.31613591e-02, 1.12918187e-02,
             7.11472109e-02, 6.37418777e-02, 3.02340649e-02,
             1.82367250e-01, 1.13618458e-02, 8.21589231e-02,
             9.39934552e-02, 9.71096456e-02, 5.61789870e-02,
             1.22616902e-01, 2.27937177e-02, 3.06542255e-02,
             2.86934748e-02, 1.01171196e-01, 3.11269052e-02,
             1.38828102e-02, 7.90602416e-02, 7.13748038e-02,
             3.10218651e-02, 9.34507474e-02, 1.19570736e-02,
             7.77822509e-02, 1.11220039e-01, 8.39095935e-02,
             8.09509605e-02, 1.30950093e-01, 2.09205020e-02,
             2.69603115e-02, 2.90786214e-02, 1.19343147e-01,
             2.49645486e-02, 1.18520334e-02, 1.03044413e-01,
             9.32581723e-02, 2.51746289e-02, 8.08634311e-02,
             1.11867785e-02, 8.13536197e-02, 8.48374516e-02,
             7.55764097e-02, 7.36856833e-02, 1.37900248e-01,
             2.03077681e-02, 2.59449240e-02, 2.68202592e-02,
             1.03079423e-01, 2.24085711e-02, 1.18870465e-02,
             9.46587026e-02, 9.63393524e-02, 2.18483564e-02,
             9.14374739e-02, 1.17119793e-02, 8.25440735e-02,
             6.23063333e-02, 7.05519840e-02, 7.08145872e-02,
             1.87339157e-01 ]
      - !!opencv-matrix
         rows: 1
         cols: 64
         dt: f
         data: [ 2.59099100e-02, 2.89210621e-02, 3.02340649e-02,
             8.97743404e-02, 3.41555625e-02, 1.31475292e-02,
             8.72708783e-02, 6.65254444e-02, 3.49258594e-02,
             1.37987778e-01, 1.26223275e-02, 6.30941316e-02,
             1.08734094e-01, 8.53976607e-02, 6.79609925e-02,
             1.13338351e-01, 2.26011444e-02, 2.95688100e-02,
             2.70303395e-02, 1.01643875e-01, 2.48244945e-02,
             1.30074751e-02, 8.00931379e-02, 6.81885779e-02,
             3.16345990e-02, 1.12585559e-01, 1.36727300e-02,
             8.03907514e-02, 1.10432237e-01, 8.53451416e-02,
             6.94840774e-02, 1.29497036e-01, 2.24085711e-02,
             2.51396149e-02, 3.29826139e-02, 1.16331995e-01,
             2.95513030e-02, 1.21671539e-02, 1.10852398e-01,
             1.00208327e-01, 2.40892135e-02, 6.27615079e-02,
             1.11867785e-02, 6.15710504e-02, 1.07893765e-01,
             6.14485033e-02, 7.59965703e-02, 1.45410612e-01,
             2.03777943e-02, 2.63650846e-02, 3.18271741e-02,
             1.12498030e-01, 2.33714394e-02, 1.22721940e-02,
             9.81600434e-02, 9.76523533e-02, 2.43693218e-02,
             1.03201970e-01, 1.15544191e-02, 7.82549307e-02,
             6.43546134e-02, 6.41970560e-02, 5.91901392e-02,
             1.72353417e-01 ]
      - !!opencv-matrix
         rows: 1
         cols: 64
         dt: f
         data: [ 2.42992938e-02, 2.82383002e-02, 2.78006326e-02,
             7.85175338e-02, 3.19497213e-02, 1.30074751e-02,
             1.01556346e-01, 7.23551735e-02, 2.97788903e-02,
             1.57700315e-01, 1.19745806e-02, 7.48586357e-02,
             7.66093060e-02, 8.19488466e-02, 6.75758496e-02,
             1.21829100e-01, 2.58398838e-02, 3.18796933e-02,
             2.78356466e-02, 1.12095378e-01, 2.79406868e-02,
             1.32525694e-02, 7.30204284e-02, 6.61052838e-02,
             3.25624533e-02, 1.03324518e-01, 1.37602631e-02,
             7.42283911e-02, 1.22021675e-01, 7.90777430e-02,
             6.78909644e-02, 1.29164398e-01, 2.45969072e-02,
             2.67852452e-02, 3.24749202e-02, 1.09959558e-01,
             2.94637699e-02, 1.29899690e-02, 1.09469369e-01,
             8.65706131e-02, 2.71878988e-02, 7.27753341e-02,
             1.33225955e-02, 6.05906770e-02, 1.12848163e-01,
             6.74357936e-02, 7.23551735e-02, 1.41174003e-01,
             1.98175795e-02, 2.60149501e-02, 3.24224010e-02,
             1.04497470e-01, 2.24085711e-02, 1.29024349e-02,
             1.02274120e-01, 1.07648678e-01, 2.35114936e-02,
             9.99982506e-02, 1.16594592e-02, 7.90602416e-02,
             5.75620160e-02, 6.53524995e-02, 6.14134893e-02,
             1.73456341e-01 ]
      - !!opencv-matrix
         rows: 1
         cols: 64
         dt: f
         data: [ 2.58223768e-02, 2.86759678e-02, 2.82558072e-02,
             8.19313377e-02, 3.16521078e-02, 1.31125152e-02,
             9.79499668e-02, 6.74708039e-02, 3.08993179e-02,
             1.52745917e-01, 1.23072071e-02, 7.23901913e-02,
             8.79186317e-02, 8.31217915e-02, 6.44421503e-02,
             1.21303901e-01, 2.37565860e-02, 3.07592656e-02,
             2.69778185e-02, 1.10834897e-01, 2.81507671e-02,
             1.34101296e-02, 7.16023892e-02, 6.48272932e-02,
             3.18972021e-02, 1.03569612e-01, 1.34626497e-02,
             7.48411268e-02, 1.19850844e-01, 8.30342621e-02,
             7.45960325e-02, 1.28429130e-01, 2.47019492e-02,
             2.56473105e-02, 3.20722684e-02, 1.04917631e-01,
             2.95863170e-02, 1.29549550e-02, 1.11762747e-01,
             8.66931602e-02, 2.58048698e-02, 7.70644769e-02,
             1.28149018e-02, 6.64904341e-02, 1.01486318e-01,
             6.68930858e-02, 7.56989568e-02, 1.45410612e-01,
             2.10605562e-02, 2.78006326e-02, 2.92186756e-02,
             1.07316047e-01, 2.26186514e-02, 1.30599951e-02,
             9.78449285e-02, 9.34157297e-02, 2.55247634e-02,
             9.91754308e-02, 1.20446067e-02, 7.96204507e-02,
             6.83461428e-02, 6.87663034e-02, 6.13609701e-02,
             1.72826111e-01 ]
      - !!opencv-matrix
         rows: 1
         cols: 64
         dt: f
         data: [ 2.59274170e-02, 2.83783544e-02, 2.98314095e-02,
             8.50475281e-02, 3.41030434e-02, 1.33751156e-02,
             9.21202376e-02, 6.68230578e-02, 3.28075476e-02,
             1.37252495e-01, 1.23772342e-02, 6.33742437e-02,
             1.08769104e-01, 8.65356028e-02, 6.80660382e-02,
             1.15211569e-01, 2.23035309e-02, 3.00940108e-02,
             2.65226439e-02, 1.08296424e-01, 2.64000986e-02,
             1.17294863e-02, 6.80135116e-02, 6.80485293e-02,
             3.17221321e-02, 1.03429563e-01, 1.23772342e-02,
             7.73095712e-02, 1.14038616e-01, 9.05621424e-02,
             7.55413920e-02, 1.33611098e-01, 2.24435851e-02,
             2.57523507e-02, 3.29300947e-02, 1.08471490e-01,
             2.78531536e-02, 1.31650353e-02, 1.09294303e-01,
             9.09472853e-02, 2.50345748e-02, 6.95190877e-02,
             1.28674218e-02, 6.45821989e-02, 1.06458217e-01,
             6.88888505e-02, 7.61191174e-02, 1.45673215e-01,
             2.33889464e-02, 2.72754319e-02, 2.85709277e-02,
             1.02746800e-01, 2.48945225e-02, 1.24472613e-02,
             9.73372310e-02, 8.61154348e-02, 2.52446551e-02,
             9.87377688e-02, 1.14493789e-02, 7.75196478e-02,
             7.35981539e-02, 6.95891157e-02, 6.43020943e-02,
             1.76782623e-01 ]
      - !!opencv-matrix
         rows: 1
         cols: 64
         dt: f
         data: [ 2.69603115e-02, 2.98314095e-02, 3.16521078e-02,
             8.97218212e-02, 3.42430994e-02, 1.24472613e-02,
             1.02484196e-01, 6.48272932e-02, 3.32802311e-02,
             1.41926780e-01, 1.23247141e-02, 6.63503781e-02,
             9.54290032e-02, 7.80273452e-02, 6.52649626e-02,
             1.15229078e-01, 2.66802050e-02, 3.22123207e-02,
             3.08292918e-02, 1.27151132e-01, 2.79581938e-02,
             1.37252500e-02, 6.95541054e-02, 6.36018291e-02,
             3.16871218e-02, 8.32968578e-02, 1.31125152e-02,
             7.35106170e-02, 1.30985096e-01, 8.11960548e-02,
             6.56501129e-02, 1.28849283e-01, 2.49820556e-02,
             2.86234487e-02, 3.32627222e-02, 1.04637526e-01,
             3.09168249e-02, 1.26223275e-02, 1.10082105e-01,
             8.79186317e-02, 2.78006326e-02, 7.61891454e-02,
